        20   0.2755670018240183    
        40   0.2759368138888802    
        60   0.2765963578099329    
        80   0.2759072126344984    
       100   0.2728587623757236    
       120   0.2640421965957592    
       140   0.2660853885976501    
       160   0.2746967652471498    
       180   0.2868672883960419    
       200   0.2949196001731545    
       220   0.2954478228159327    
       240   0.2944449007956106    
       260   0.3090322727143099    
       280   0.3167904134672718    
       300   0.3262081794679416    
       320   0.3146050943701242    
       340   0.2989229076599452    
       360   0.2984364462338736    
       380   0.3407090309089835    
       400   0.4010397427796195    
       420   0.3834264593117969    
       440   0.3645530801508146    
       460   0.3834471046425428    
       480   0.3641823553976731    
       500   0.3430757358696875    
       520   0.3240485828211069    
       540   0.2972605829109105    
       560   0.2833080225038302    
       580   0.2767815032136564    
       600   0.2770935192352526    
       620   0.2799637549066910    
       640   0.3129972820059634    
       660   0.3381644595725546    
       680   0.3515357739960325    
       700   0.3592067131498716    
       720   0.3715044034807843    
       740   0.3666810748436549    
       760   0.3724132944621171    
       780   0.3848962260634270    
       800   0.3961450252115901    
       820   0.3941975153655209    
       840   0.3846170974714052    
       860   0.3727172707943252    
       880   0.3765045300384082    
       900   0.3740697483329709    
       920   0.3769713462377373    
       940   0.3799964893980557    
       960   0.3755633561357714    
       980   0.3810394699916633    
      1000   0.3822960239454489    
      1020   0.3843312076564939    
      1040   0.3818771740732236    
      1060   0.3718640121374054    
      1080   0.3624394651775740    
      1100   0.3563553332952217    
      1120   0.3587401276459990    
      1140   0.3547739987194806    
      1160   0.3591763693957547    
      1180   0.3512021740169418    
      1200   0.3515524520697772    
      1220   0.3514767781577251    
      1240   0.3571030697109156    
      1260   0.3537209615537345    
      1280   0.3595277710660780    
      1300   0.3505441397905614    
      1320   0.3485679170401618    
      1340   0.3463702578734013    
      1360   0.3545270392585372    
      1380   0.3601990478886199    
      1400   0.3591745988554863    
      1420   0.3475653714601250    
      1440   0.3552321249120364    
      1460   0.3532627571114756    
      1480   0.3542912770639869    
      1500   0.3515253060610117    
      1520   0.3510505919995628    
      1540   0.3427924423626548    
      1560   0.3433104285313552    
      1580   0.3582572144614219    
      1600   0.3638190166586784    
      1620   0.3604246771240728    
      1640   0.3595083061625423    
      1660   0.3611032599190823    
      1680   0.3538155719063398    
      1700   0.3568750954073967    
      1720   0.3667621028370915    
      1740   0.3655367269786061    
      1760   0.3535274060481269    
      1780   0.3447193735229740    
      1800   0.3530391828509719    
      1820   0.3663557484509551    
      1840   0.3602224409823668    
      1860   0.3688928919128470    
      1880   0.3824164161008854    
      1900   0.3790317192126237    
      1920   0.3642513386330674    
      1940   0.3673177780973384    
      1960   0.3534801682794502    
      1980   0.3316845336650951    
      2000   0.3350024055582556    
      2020   0.3470067729962465    
      2040   0.3405664411526917    
      2060   0.3419876946200548    
      2080   0.3492858121527201    
      2100   0.3612657046378542    
      2120   0.3708038134337582    
      2140   0.3818273092153864    
      2160   0.3838456620904303    
      2180   0.4017147556576985    
      2200   0.3989263281338345    
      2220   0.3923889464877302    
      2240   0.3926464356480852    
      2260   0.3942481227635368    
      2280   0.3983995844049232    
      2300   0.4087649788820283    
      2320   0.4020146268684578    
      2340   0.3862704928551671    
      2360   0.3808817614024657    
      2380   0.3733386845511309    
      2400   0.3679004754684687    
      2420   0.3694147254576118    
      2440   0.3605076523505141    
      2460   0.3549407640775272    
      2480   0.3564940090458918    
      2500   0.3497267463312860    
      2520   0.3555337853637766    
      2540   0.3694063652000845    
      2560   0.3766780090237313    
      2580   0.3780535029502748    
      2600   0.3780499519931408    
      2620   0.3756199504846441    
      2640   0.3664768456529706    
      2660   0.3547372267909066    
      2680   0.3477558503357712    
      2700   0.3533531340350121    
      2720   0.3595045885583818    
      2740   0.3640138780815579    
      2760   0.3744702955014118    
      2780   0.3753440554629407    
      2800   0.3702124401409127    
      2820   0.3774639349925221    
      2840   0.3748727612793101    
      2860   0.3702350082254425    
      2880   0.3677349242193155    
      2900   0.3557480818243894    
      2920   0.3458383228409873    
      2940   0.3446420243781504    
      2960   0.3391856202016708    
      2980   0.3523656776687449    
      3000   0.3676819752940670    
      3020   0.3712121500248146    
      3040   0.3735343259884565    
      3060   0.3734060791772192    
      3080   0.3593677347041444    
      3100   0.3567535039502404    
      3120   0.3634509402208033    
      3140   0.3593086901518476    
      3160   0.3657521159293941    
      3180   0.3580893992645534    
      3200   0.3451422452093604    
      3220   0.3478809836679588    
      3240   0.3349612987680934    
      3260   0.3335046965047429    
      3280   0.3481787783456373    
      3300   0.3526312571029870    
      3320   0.3490735134029394    
      3340   0.3591478473025779    
      3360   0.3635919535482155    
      3380   0.3514502366353545    
      3400   0.3531135283113357    
      3420   0.3566121865286708    
