$grad
  cycle =      1    SCF energy =   -31.62903634142   |dE/dxyz| =  0.000451
   -2.68956593494891     -1.25312085693668     -4.82211808713083      H 
   -5.36811854604354     -1.38180553684496     -6.78453252713480      H 
   -0.50383499989405      4.23348729657281     -9.42706506856803      H 
   -4.06086270481486      2.46924276607942     -3.07719600626168      H 
   -3.26895407503142      0.63014807351593    -10.17268107747665      H 
   -4.86390560092456      4.95962022913659     -8.14316624223966      H 
   -3.12377208605520      6.10092977073173     -5.53357729633693      H 
   -0.59195103935898     -0.77166021435813     -8.75522207783848      H 
   -6.77302787448811      2.43179973264619     -4.99684027488711      H 
    0.28858385594304      3.09743119360412     -6.38082277622763      H 
   -1.21284890349489      3.20526652517946     -7.79080601931681      C 
   -3.79661474190468     -0.18966614194978     -6.19622110029184      C 
   -3.55979048451500      4.42029050344379     -6.63922581623436      C 
   -4.71829653384418      2.31222164293246     -5.02341738310378      C 
   -2.13593287221886      0.55525066829273     -8.45102908410608      C 
   14.09331440643996     -0.10655041229691     -8.64032997979049      H 
   11.72578896471016      1.21710556828239    -10.55997424841592      H 
   11.17605576757802     -1.34114603836954     -5.49400401243794      H 
    9.09840117976843     -1.45948233235500     -8.10359295834067      H 
    7.76319033651932      1.46773882925238     -4.21010518610957      H 
    7.64496353326552      2.84780169845974     -7.25634747844997      H 
   10.34207482337660      5.75826569475978     -4.88194817683913      H 
   11.95952331201622      3.20576259718443     -3.46448917720095      H 
   14.78342987716440      3.89858330534257     -6.85263772754280      H 
   12.39939293452347      5.12641541264257     -8.81505216754677      H 
   12.82639796297845      3.65191219534355     -7.44094915438576      C 
   12.37365391984308      1.02437292995566     -8.61375287157382      C 
    8.89132476426538      2.00369718905255     -5.84636423536079      C 
   11.01574686112492      3.83713625257849     -5.18614117057153      C 
   10.31632380893532     -0.22201522964148     -6.99794443844324      C 
  -5.4738036492672E-05   2.0983393238015E-05  -8.5014018287895E-06
   3.7191179007958E-05   4.3634624293664E-05   5.8587139888424E-05
   1.8954419084281E-05   7.8367186757933E-06  -1.1934924226685E-05
  -2.8604430615692E-05  -2.4633975553927E-05  -3.8907031817193E-05
  -3.8563695127054E-05  -7.1765462287513E-05  -2.3055430639969E-05
  -7.8399274855992E-05   2.4861433198008E-05   2.0981547846436E-05
   2.9988461670916E-05   2.2820812805699E-05   1.7875575527813E-05
   2.1067786785704E-05  -9.1992909612484E-06  -1.9498455438736E-05
   6.7216958923361E-05  -4.3663257647491E-05   1.5735117241391E-05
  -7.0214590646532E-05  -2.5234457644285E-05   7.3814610750669E-05
  -1.0407434250049E-04   1.8151336442485E-05  -8.5388669964175E-05
  -2.7122338352390E-05   1.1803565892219E-04  -2.7833722031019E-05
  -3.8338352131868E-06  -3.1667358351127E-05   4.9921669904707E-05
   4.4497830381508E-05  -3.8593494671426E-05  -9.8637338910154E-05
  -2.3973660376363E-05  -1.0084741802779E-06   4.4950189417247E-05
  -3.6627084901655E-05   7.1921576538509E-05  -1.8864076711996E-05
   4.0670677292043E-05   9.7858694144268E-06   3.6745191010810E-05
   5.3613143794588E-05  -5.9097142237057E-05  -2.4007424348235E-05
  -2.9001635852040E-05  -7.8139878022544E-06  -6.5373972762347E-06
  -1.9426048555080E-05   7.7554857075571E-06   1.5129136088738E-07
   9.0081411695245E-05   3.1751205984875E-05  -5.6868255630382E-05
  -3.0808873844106E-05   2.2051103732152E-05  -1.2099570348465E-06
   7.1158355006409E-05   4.0361739556419E-05   2.1084875649242E-05
  -5.1128070256731E-05  -2.2250870567106E-05  -5.8826523688913E-05
   2.8228727310841E-05  -4.2950490567363E-05   1.5155062501751E-05
  -3.8893705872764E-05  -1.0522749044427E-04   2.3594274538596E-05
  -4.6514705874786E-06   6.2401823464872E-05   1.0044329163384E-04
   9.3704525676974E-05  -5.3198714305226E-05   9.1716868641876E-05
   1.8918683563270E-05   1.3416277313097E-05  -5.1476461834779E-05
   2.4768933857193E-05   2.0535407932825E-05  -3.9209634531452E-05
$end
