           3          11  0.97979038712203126     
          10          11  0.97998578874108055     
           1          12  0.98426913297138818     
           2          12  0.98368428186321355     
           6          13  0.98140235964920131     
           7          13  0.98093219379170149     
          11          13   1.0080512282886871     
           4          14  0.98427308740299480     
           9          14  0.98368310277843940     
          12          14   1.0012243014589117     
          13          14   1.0052377504037060     
           5          15  0.98140436399637643     
           8          15  0.98092056469313982     
          11          15   1.0080599738659486     
          12          15   1.0052333107896443     
          24          26  0.98368233404080396     
          25          26  0.98427142598968853     
          16          27  0.98368347774857101     
          17          27  0.98427116143811766     
          26          27   1.0012264797023593     
          20          28  0.97979295634826347     
          21          28  0.97999313791200160     
          22          29  0.98093157049839885     
          23          29  0.98140314013580954     
          26          29   1.0052383282359874     
          28          29   1.0080502742332595     
          18          30  0.98140455758513534     
          19          30  0.98093216867206823     
          27          30   1.0052343738152751     
          28          30   1.0080549039997593     
