$grad
  cycle =      1    SCF energy =   -41.55271141735   |dE/dxyz| =  0.096955
   -0.08046879027012     -0.29117168469261      0.54034552907383      C 
   -0.02643364020928      0.93882559521193     -2.09346390428733      C 
   -0.01279331358285     -2.50027157771689      0.98769130497256      O 
   -0.02466976984456     -1.05614362917240     -4.21674838601984      C 
   -0.02362242693451      1.58365776668197      2.27102784329256      O 
   -1.73975764834317     -0.55703215090493      5.21022312220776      H 
    1.69694560063372     -2.28431104947596     -4.13892693197496      H 
   -1.72665003551128      2.14024254382415     -2.25140101548142      H 
    0.09940613260743     -0.11148537537957     -6.10084692513842      H 
   -1.69383902316567     -2.27932530945232     -4.15579171718510      H 
   -0.02851581604243      0.61886965888088      4.81486051836018      C 
    1.73852925077313     -0.53607187564848      5.15538045437935      H 
    1.69631628403970      2.15144359307166     -2.25952594964601      H 
    0.13281303229191      2.24323167275290      6.15791425414978      H 
   15.13183299468503      0.01215358459788      0.55401371026333      C 
   14.84718160211555     -1.15884886454545     -2.11060300214171      C 
   14.73830875420601     -1.79523756961533      2.27948434880297      O 
   15.26169015516733      0.77631661291277     -4.26103445790102      C 
   15.54325541710544      2.21176183683246      1.00821866287113      O 
   14.44023565742545     -2.39085921299877      6.16156966477620      H 
   16.30680526708741     -2.71386074533583     -2.27001351389791      H 
   13.86916393745575      2.34446280836518     -4.09630340334370      H 
   14.94569765482102     -0.11428152753712     -6.12402141139236      H 
   12.95283902775075     -2.00928397536738     -2.25340223544739      H 
   14.91577393612396     -0.90485457448473      4.81711870328458      C 
   16.82001478254595     -0.06689947955145      5.20634695377546      H 
   17.20116197831286      1.61168542867189     -4.10334815115820      H 
   13.49430762106044      0.64821281591793      5.17831367929895      H 
  -1.1504317517656E-02  -2.4761768983657E-02   1.9173328458446E-02
  -8.5332411334350E-04   8.0898841642781E-03   5.1212162011102E-03
   3.7259673637151E-03   3.6573598757350E-03  -3.4842593070717E-03
  -1.6298479256032E-02  -5.7670999085281E-04   1.1698787699645E-02
   5.4949317742226E-03   2.1592631095229E-02  -1.7424107287456E-02
  -1.4335410319321E-02  -1.0605039216083E-02   4.5624853675182E-03
   1.5549139166058E-02  -9.6367980162450E-03  -5.3111071309184E-03
  -8.7032486352024E-03   3.0095933664863E-03  -5.5787830503284E-04
   5.9381131787352E-03   5.5496414193472E-03  -1.5181267089280E-02
  -5.5484654286243E-03  -5.9524129615294E-03  -9.7741611199235E-04
  -1.5045257119476E-02  -2.8342995923317E-03  -1.5020679219206E-02
   1.9269322858968E-02  -6.1370745950279E-03   6.7334314826912E-03
   1.4497921667777E-02   8.4308605803874E-03  -4.0628543271876E-03
   7.7814813099393E-03   1.0157702658891E-02   1.4732171850837E-02
   5.9450176818926E-03  -2.3952182894168E-03   2.0992127237171E-02
  -1.5201099335941E-02   4.3036319396670E-04   2.0311916888711E-03
  -3.9743558759620E-03  -1.0142537508185E-02  -1.3093726496697E-02
   1.0057617021442E-03  -7.3249420915849E-03  -6.6805768446642E-03
   1.0757270233176E-03   1.6784052954257E-02   1.2637387210613E-03
  -5.6509249085681E-03   4.2494461737032E-03   7.3998237915113E-03
   1.6451490374372E-02  -1.4308263934537E-02  -2.3946485424728E-03
  -1.0944905637642E-02   1.0500071497240E-02  -8.6875148810597E-04
  -6.6626205717580E-03  -3.8989162197053E-03  -1.1333680156036E-02
  -7.6003746200315E-03  -2.1212407854046E-03  -1.9570967816308E-03
   5.7517333723678E-03  -2.1803054683865E-02  -1.1797838197707E-02
   1.3501332865799E-02   9.6889231574799E-03   3.7139444285924E-03
   1.8879314901776E-02   9.0142303234544E-03   4.7508707780694E-03
  -1.2544471901527E-02   1.1343516407971E-02   7.9727695799351E-03
$end
