           1           2  0.95724895608987848     
           1           3   1.7887257482448258     
           2           4   1.0201549992769694     
           1           5   1.1127613235294385     
           3           5  0.17010496435594974     
           4           7  0.98682178397033116     
           2           8  0.95912693717729502     
           4           9  0.98688905530973303     
           4          10  0.98717983143373544     
           5          11  0.95753369338216132     
           6          11  0.97749009140094512     
          11          12  0.97730453912474202     
           2          13  0.95826895799421974     
          11          14  0.98204463985137258     
          15          16  0.95610461408822700     
          15          17   1.1304566767491573     
          16          18   1.0201247222932384     
          15          19   1.7697965622085865     
          17          19  0.16967116764025822     
          16          21  0.95856245839081100     
          18          22  0.98678592896501172     
          18          23  0.98680702509426088     
          16          24  0.96005871830843037     
          17          25  0.95989170005524560     
          20          25  0.98160700693554837     
          25          26  0.97602399240582749     
          18          27  0.98730436057760773     
          25          28  0.97551639065087292     
